5,5
5,31,27,1
31,6,35,20
22
20,20
0
0
0
1,F,3,3,3,0
0
0
0
0
0
0
0
1,F,16,3,11,0
0
0
0
0
0
0
0
0
0
0
0
0
0
0
0
0
0
0
0
0
0
0
0
0
0
0
0
0
0
0
0
0
0
0
0
0
0
0
0
0
0
0
0
0
0
0
0
0
0
0
0
0
0
0
0
0
0
0
0
0
0
0
0
0
0
1,F,12,3,17,3
0
0
0
1,F,4,3,1,4
0
0
1,F,5,3,4,4
0
0
0
0
0
0
0
0
0
0
0
0
0
0
0
0
0
0
0
0
0
0
0
0
0
0
0
0
0
0
0
0
0
0
0
0
0
0
0
0
0
0
0
0
1,F,13,3,9,6
0
0
0
0
1,F,2,3,14,6
0
0
0
0
0
0
0
0
0
1,F,14,3,4,7
0
0
0
0
0
0
0
0
0
0
0
0
0
0
0
0
0
1,F,8,3,2,8
0
0
0
0
0
0
0
0
0
0
0
0
0
1,F,6,3,16,8
0
0
0
0
0
0
0
0
0
1,P,1,5,6,9
1,F,10,3,7,9
0
1,F,20,3,9,9
0
0
0
0
0
0
0
0
1,F,21,3,18,9
0
0
1,F,18,3,1,10
0
0
0
0
0
0
1,F,22,3,8,10
0
0
0
0
0
0
0
0
0
0
0
0
0
0
0
0
0
0
0
0
0
0
0
0
0
0
0
0
0
0
1,F,11,3,19,11
0
0
0
0
0
0
0
0
0
0
0
0
0
1,F,17,3,13,12
0
0
0
0
0
0
0
0
0
0
0
0
0
0
0
0
0
0
0
0
0
0
0
0
0
0
0
0
0
0
0
0
0
0
0
0
0
0
0
0
0
0
0
0
0
0
0
0
0
0
0
0
0
0
0
0
0
0
0
0
0
0
0
1,F,15,3,17,15
0
0
0
0
0
0
0
0
0
0
0
0
0
0
0
0
0
0
0
0
0
0
0
0
0
0
0
0
0
0
0
0
0
0
0
1,F,9,3,13,17
0
0
0
0
0
0
0
0
0
0
0
0
1,F,19,3,6,18
0
0
0
0
0
0
0
0
0
0
0
0
0
0
0
1,F,7,3,2,19
0
0
0
0
0
0
0
0
0
0
0
0
0
0
0
0
0
1
1,F,22,3,8,10
0
